(kicad_pcb (version 20171130) (host pcbnew 5.1.5+dfsg1-2build2)

  (general
    (thickness 1.6)
    (drawings 4)
    (tracks 367)
    (zones 0)
    (modules 56)
    (nets 62)
  )

  (page A4)
  (layers
    (0 F.Cu signal)
    (31 B.Cu signal)
    (32 B.Adhes user)
    (33 F.Adhes user)
    (34 B.Paste user)
    (35 F.Paste user)
    (36 B.SilkS user)
    (37 F.SilkS user)
    (38 B.Mask user)
    (39 F.Mask user)
    (40 Dwgs.User user)
    (41 Cmts.User user)
    (42 Eco1.User user)
    (43 Eco2.User user)
    (44 Edge.Cuts user)
    (45 Margin user)
    (46 B.CrtYd user)
    (47 F.CrtYd user)
    (48 B.Fab user)
    (49 F.Fab user)
  )

  (setup
    (last_trace_width 0.25)
    (trace_clearance 0.2)
    (zone_clearance 0.508)
    (zone_45_only no)
    (trace_min 0.2)
    (via_size 0.8)
    (via_drill 0.4)
    (via_min_size 0.4)
    (via_min_drill 0.3)
    (uvia_size 0.3)
    (uvia_drill 0.1)
    (uvias_allowed no)
    (uvia_min_size 0.2)
    (uvia_min_drill 0.1)
    (edge_width 0.05)
    (segment_width 0.2)
    (pcb_text_width 0.3)
    (pcb_text_size 1.5 1.5)
    (mod_edge_width 0.12)
    (mod_text_size 1 1)
    (mod_text_width 0.15)
    (pad_size 1.524 1.524)
    (pad_drill 0.762)
    (pad_to_mask_clearance 0.051)
    (solder_mask_min_width 0.25)
    (aux_axis_origin 0 0)
    (visible_elements FFFFFF7F)
    (pcbplotparams
      (layerselection 0x010b0_7fffffff)
      (usegerberextensions true)
      (usegerberattributes false)
      (usegerberadvancedattributes false)
      (creategerberjobfile false)
      (excludeedgelayer true)
      (linewidth 0.100000)
      (plotframeref false)
      (viasonmask false)
      (mode 1)
      (useauxorigin false)
      (hpglpennumber 1)
      (hpglpenspeed 20)
      (hpglpendiameter 15.000000)
      (psnegative false)
      (psa4output false)
      (plotreference true)
      (plotvalue true)
      (plotinvisibletext false)
      (padsonsilk false)
      (subtractmaskfromsilk false)
      (outputformat 1)
      (mirror false)
      (drillshape 0)
      (scaleselection 1)
      (outputdirectory "gerber/"))
  )

  (net 0 "")
  (net 1 "Net-(BT1-Pad1)")
  (net 2 "Net-(BT1-Pad2)")
  (net 3 "Net-(C1-Pad1)")
  (net 4 GND)
  (net 5 "Net-(C2-Pad1)")
  (net 6 "Net-(C3-Pad2)")
  (net 7 VCC)
  (net 8 "Net-(D1-Pad2)")
  (net 9 "Net-(D2-Pad2)")
  (net 10 "Net-(D3-Pad2)")
  (net 11 "Net-(D4-Pad2)")
  (net 12 "Net-(D5-Pad2)")
  (net 13 "Net-(D6-Pad2)")
  (net 14 MISO)
  (net 15 SCK)
  (net 16 MOSI)
  (net 17 RST)
  (net 18 "Net-(J3-Pad2)")
  (net 19 "Net-(J3-Pad1)")
  (net 20 "Net-(Q1-Pad1)")
  (net 21 "Net-(Q2-Pad1)")
  (net 22 "Net-(Q3-Pad3)")
  (net 23 LED_2)
  (net 24 LED_1)
  (net 25 DISPLAY_A)
  (net 26 "Net-(R4-Pad1)")
  (net 27 "Net-(R5-Pad1)")
  (net 28 DISPLAY_B)
  (net 29 DISPLAY_C)
  (net 30 "Net-(R6-Pad1)")
  (net 31 DISPLAY_D)
  (net 32 "Net-(R7-Pad1)")
  (net 33 "Net-(R8-Pad1)")
  (net 34 DISPLAY_E)
  (net 35 "Net-(R9-Pad1)")
  (net 36 DISPLAY_F)
  (net 37 DISPLAY_G)
  (net 38 "Net-(R10-Pad1)")
  (net 39 DISPLAY_DOT)
  (net 40 "Net-(R11-Pad1)")
  (net 41 LED_0)
  (net 42 LIGHT_DRIVER)
  (net 43 PUMP_DRIVER)
  (net 44 SWITCH_H+)
  (net 45 SWITCH_H-)
  (net 46 SWITCH_MENU)
  (net 47 SWITCH_M+)
  (net 48 SWITCH_M-)
  (net 49 DISPLAY_DIG1)
  (net 50 DISPLAY_DIG2)
  (net 51 DISPLAY_DIG3)
  (net 52 DISPLAY_DIG4)
  (net 53 "Net-(U1-Pad26)")
  (net 54 "Net-(U1-Pad42)")
  (net 55 "Net-(U1-Pad43)")
  (net 56 "Net-(U1-Pad44)")
  (net 57 "Net-(U1-Pad30)")
  (net 58 "Net-(U1-Pad31)")
  (net 59 "Net-(U1-Pad32)")
  (net 60 "Net-(R13-Pad2)")
  (net 61 "Net-(R14-Pad2)")

  (net_class Default "To jest domyślna klasa połączeń."
    (clearance 0.2)
    (trace_width 0.25)
    (via_dia 0.8)
    (via_drill 0.4)
    (uvia_dia 0.3)
    (uvia_drill 0.1)
    (add_net DISPLAY_A)
    (add_net DISPLAY_B)
    (add_net DISPLAY_C)
    (add_net DISPLAY_D)
    (add_net DISPLAY_DIG1)
    (add_net DISPLAY_DIG2)
    (add_net DISPLAY_DIG3)
    (add_net DISPLAY_DIG4)
    (add_net DISPLAY_DOT)
    (add_net DISPLAY_E)
    (add_net DISPLAY_F)
    (add_net DISPLAY_G)
    (add_net GND)
    (add_net LED_0)
    (add_net LED_1)
    (add_net LED_2)
    (add_net LIGHT_DRIVER)
    (add_net MISO)
    (add_net MOSI)
    (add_net "Net-(C1-Pad1)")
    (add_net "Net-(C2-Pad1)")
    (add_net "Net-(D1-Pad2)")
    (add_net "Net-(D2-Pad2)")
    (add_net "Net-(D3-Pad2)")
    (add_net "Net-(Q1-Pad1)")
    (add_net "Net-(Q2-Pad1)")
    (add_net "Net-(R10-Pad1)")
    (add_net "Net-(R11-Pad1)")
    (add_net "Net-(R13-Pad2)")
    (add_net "Net-(R14-Pad2)")
    (add_net "Net-(R4-Pad1)")
    (add_net "Net-(R5-Pad1)")
    (add_net "Net-(R6-Pad1)")
    (add_net "Net-(R7-Pad1)")
    (add_net "Net-(R8-Pad1)")
    (add_net "Net-(R9-Pad1)")
    (add_net "Net-(U1-Pad26)")
    (add_net "Net-(U1-Pad30)")
    (add_net "Net-(U1-Pad31)")
    (add_net "Net-(U1-Pad32)")
    (add_net "Net-(U1-Pad42)")
    (add_net "Net-(U1-Pad43)")
    (add_net "Net-(U1-Pad44)")
    (add_net PUMP_DRIVER)
    (add_net RST)
    (add_net SCK)
    (add_net SWITCH_H+)
    (add_net SWITCH_H-)
    (add_net SWITCH_M+)
    (add_net SWITCH_M-)
    (add_net SWITCH_MENU)
    (add_net VCC)
  )

  (net_class double ""
    (clearance 0.2)
    (trace_width 0.5)
    (via_dia 0.8)
    (via_drill 0.4)
    (uvia_dia 0.3)
    (uvia_drill 0.1)
    (add_net "Net-(C3-Pad2)")
  )

  (net_class power ""
    (clearance 0.254)
    (trace_width 1.016)
    (via_dia 0.8)
    (via_drill 0.4)
    (uvia_dia 0.3)
    (uvia_drill 0.1)
    (add_net "Net-(BT1-Pad1)")
    (add_net "Net-(BT1-Pad2)")
    (add_net "Net-(D4-Pad2)")
    (add_net "Net-(D5-Pad2)")
    (add_net "Net-(D6-Pad2)")
    (add_net "Net-(J3-Pad1)")
    (add_net "Net-(J3-Pad2)")
    (add_net "Net-(Q3-Pad3)")
  )

  (module LED_SMD_upside_down:LED_0805_2012Metric (layer F.Cu) (tedit 612E316B) (tstamp 612E9B1B)
    (at 186.8625 26.3 180)
    (descr "LED SMD 0805 (2012 Metric), square (rectangular) end terminal, IPC_7351 nominal, (Body size source: https://docs.google.com/spreadsheets/d/1BsfQQcO9C6DZCsRaXUlFlo91Tg2WpOkGARC1WS5S8t0/edit?usp=sharing), generated with kicad-footprint-generator")
    (tags diode)
    (path /61AE67AB)
    (attr smd)
    (fp_text reference D2 (at 0 -1.65) (layer F.SilkS)
      (effects (font (size 1 1) (thickness 0.15)))
    )
    (fp_text value LED_1 (at 0 1.65) (layer F.Fab) hide
      (effects (font (size 1 1) (thickness 0.15)))
    )
    (fp_text user %R (at 0 0) (layer F.Fab)
      (effects (font (size 0.5 0.5) (thickness 0.08)))
    )
    (fp_line (start 1.68 0.95) (end -1.68 0.95) (layer F.CrtYd) (width 0.05))
    (fp_line (start 1.68 -0.95) (end 1.68 0.95) (layer F.CrtYd) (width 0.05))
    (fp_line (start -1.68 -0.95) (end 1.68 -0.95) (layer F.CrtYd) (width 0.05))
    (fp_line (start -1.68 0.95) (end -1.68 -0.95) (layer F.CrtYd) (width 0.05))
    (fp_line (start -1.685 0.96) (end 1 0.96) (layer F.SilkS) (width 0.12))
    (fp_line (start -1.685 -0.96) (end -1.685 0.96) (layer F.SilkS) (width 0.12))
    (fp_line (start 1 -0.96) (end -1.685 -0.96) (layer F.SilkS) (width 0.12))
    (fp_line (start 1 0.6) (end 1 -0.6) (layer F.Fab) (width 0.1))
    (fp_line (start -1 0.6) (end 1 0.6) (layer F.Fab) (width 0.1))
    (fp_line (start -1 -0.3) (end -1 0.6) (layer F.Fab) (width 0.1))
    (fp_line (start -0.7 -0.6) (end -1 -0.3) (layer F.Fab) (width 0.1))
    (fp_line (start 1 -0.6) (end -0.7 -0.6) (layer F.Fab) (width 0.1))
    (pad 2 smd custom (at 1.3 0) (size 0.2 0.2) (layers F.Cu F.Paste F.Mask)
      (net 9 "Net-(D2-Pad2)") (zone_connect 0)
      (options (clearance outline) (anchor circle))
      (primitives
        (gr_line (start 0.300001 -0.699999) (end -0.1 -0.7) (width 0.12))
        (gr_line (start -0.1 0.7) (end -0.1 -0.7) (width 0.12))
        (gr_poly (pts
           (xy 0 0) (xy 0.15 0.65) (xy -0.05 0.65) (xy -0.05 -0.65) (xy 0.2 -0.65)
) (width 0.1))
        (gr_arc (start 1.3 0) (end 0.300001 -0.699999) (angle -69.3) (width 0.12))
        (gr_line (start -0.1 0.7) (end 0.3 0.7) (width 0.12))
      ))
    (pad 1 smd custom (at -1.3 0 180) (size 0.2 0.2) (layers F.Cu F.Paste F.Mask)
      (net 4 GND) (zone_connect 0)
      (options (clearance outline) (anchor circle))
      (primitives
        (gr_line (start 0.300001 -0.699999) (end -0.1 -0.7) (width 0.12))
        (gr_line (start -0.1 0.7) (end -0.1 -0.7) (width 0.12))
        (gr_poly (pts
           (xy 0 0) (xy 0.15 0.65) (xy -0.05 0.65) (xy -0.05 -0.65) (xy 0.2 -0.65)
) (width 0.1))
        (gr_arc (start 1.3 0) (end 0.300001 -0.699999) (angle -69.3) (width 0.12))
        (gr_line (start -0.1 0.7) (end 0.3 0.7) (width 0.12))
      ))
    (pad "" np_thru_hole circle (at 0 0 180) (size 1.9 1.9) (drill 1.9) (layers *.Cu *.Mask))
    (model ${KISYS3DMOD}/LED_SMD.3dshapes/LED_0805_2012Metric.wrl
      (offset (xyz 0 0 0.5))
      (scale (xyz 1 1 1))
      (rotate (xyz -180 0 0))
    )
  )

  (module LED_SMD_upside_down:LED_0805_2012Metric (layer F.Cu) (tedit 612E316B) (tstamp 612E9BF0)
    (at 192.8625 26.3 180)
    (descr "LED SMD 0805 (2012 Metric), square (rectangular) end terminal, IPC_7351 nominal, (Body size source: https://docs.google.com/spreadsheets/d/1BsfQQcO9C6DZCsRaXUlFlo91Tg2WpOkGARC1WS5S8t0/edit?usp=sharing), generated with kicad-footprint-generator")
    (tags diode)
    (path /61AD6134)
    (attr smd)
    (fp_text reference D1 (at 0 -1.65) (layer F.SilkS)
      (effects (font (size 1 1) (thickness 0.15)))
    )
    (fp_text value LED_2 (at 0 1.65) (layer F.Fab) hide
      (effects (font (size 1 1) (thickness 0.15)))
    )
    (fp_text user %R (at 0 0) (layer F.Fab)
      (effects (font (size 0.5 0.5) (thickness 0.08)))
    )
    (fp_line (start 1.68 0.95) (end -1.68 0.95) (layer F.CrtYd) (width 0.05))
    (fp_line (start 1.68 -0.95) (end 1.68 0.95) (layer F.CrtYd) (width 0.05))
    (fp_line (start -1.68 -0.95) (end 1.68 -0.95) (layer F.CrtYd) (width 0.05))
    (fp_line (start -1.68 0.95) (end -1.68 -0.95) (layer F.CrtYd) (width 0.05))
    (fp_line (start -1.685 0.96) (end 1 0.96) (layer F.SilkS) (width 0.12))
    (fp_line (start -1.685 -0.96) (end -1.685 0.96) (layer F.SilkS) (width 0.12))
    (fp_line (start 1 -0.96) (end -1.685 -0.96) (layer F.SilkS) (width 0.12))
    (fp_line (start 1 0.6) (end 1 -0.6) (layer F.Fab) (width 0.1))
    (fp_line (start -1 0.6) (end 1 0.6) (layer F.Fab) (width 0.1))
    (fp_line (start -1 -0.3) (end -1 0.6) (layer F.Fab) (width 0.1))
    (fp_line (start -0.7 -0.6) (end -1 -0.3) (layer F.Fab) (width 0.1))
    (fp_line (start 1 -0.6) (end -0.7 -0.6) (layer F.Fab) (width 0.1))
    (pad 2 smd custom (at 1.3 0) (size 0.2 0.2) (layers F.Cu F.Paste F.Mask)
      (net 8 "Net-(D1-Pad2)") (zone_connect 0)
      (options (clearance outline) (anchor circle))
      (primitives
        (gr_line (start 0.300001 -0.699999) (end -0.1 -0.7) (width 0.12))
        (gr_line (start -0.1 0.7) (end -0.1 -0.7) (width 0.12))
        (gr_poly (pts
           (xy 0 0) (xy 0.15 0.65) (xy -0.05 0.65) (xy -0.05 -0.65) (xy 0.2 -0.65)
) (width 0.1))
        (gr_arc (start 1.3 0) (end 0.300001 -0.699999) (angle -69.3) (width 0.12))
        (gr_line (start -0.1 0.7) (end 0.3 0.7) (width 0.12))
      ))
    (pad 1 smd custom (at -1.3 0 180) (size 0.2 0.2) (layers F.Cu F.Paste F.Mask)
      (net 4 GND) (zone_connect 0)
      (options (clearance outline) (anchor circle))
      (primitives
        (gr_line (start 0.300001 -0.699999) (end -0.1 -0.7) (width 0.12))
        (gr_line (start -0.1 0.7) (end -0.1 -0.7) (width 0.12))
        (gr_poly (pts
           (xy 0 0) (xy 0.15 0.65) (xy -0.05 0.65) (xy -0.05 -0.65) (xy 0.2 -0.65)
) (width 0.1))
        (gr_arc (start 1.3 0) (end 0.300001 -0.699999) (angle -69.3) (width 0.12))
        (gr_line (start -0.1 0.7) (end 0.3 0.7) (width 0.12))
      ))
    (pad "" np_thru_hole circle (at 0 0 180) (size 1.9 1.9) (drill 1.9) (layers *.Cu *.Mask))
    (model ${KISYS3DMOD}/LED_SMD.3dshapes/LED_0805_2012Metric.wrl
      (offset (xyz 0 0 0.5))
      (scale (xyz 1 1 1))
      (rotate (xyz -180 0 0))
    )
  )

  (module LED_SMD_upside_down:LED_0805_2012Metric (layer F.Cu) (tedit 612E316B) (tstamp 612E9AA8)
    (at 180.8625 26.3 180)
    (descr "LED SMD 0805 (2012 Metric), square (rectangular) end terminal, IPC_7351 nominal, (Body size source: https://docs.google.com/spreadsheets/d/1BsfQQcO9C6DZCsRaXUlFlo91Tg2WpOkGARC1WS5S8t0/edit?usp=sharing), generated with kicad-footprint-generator")
    (tags diode)
    (path /61A995D8)
    (attr smd)
    (fp_text reference D3 (at 0 -1.65) (layer F.SilkS)
      (effects (font (size 1 1) (thickness 0.15)))
    )
    (fp_text value LED_0 (at 0 1.65) (layer F.Fab) hide
      (effects (font (size 1 1) (thickness 0.15)))
    )
    (fp_text user %R (at 0 0) (layer F.Fab)
      (effects (font (size 0.5 0.5) (thickness 0.08)))
    )
    (fp_line (start 1.68 0.95) (end -1.68 0.95) (layer F.CrtYd) (width 0.05))
    (fp_line (start 1.68 -0.95) (end 1.68 0.95) (layer F.CrtYd) (width 0.05))
    (fp_line (start -1.68 -0.95) (end 1.68 -0.95) (layer F.CrtYd) (width 0.05))
    (fp_line (start -1.68 0.95) (end -1.68 -0.95) (layer F.CrtYd) (width 0.05))
    (fp_line (start -1.685 0.96) (end 1 0.96) (layer F.SilkS) (width 0.12))
    (fp_line (start -1.685 -0.96) (end -1.685 0.96) (layer F.SilkS) (width 0.12))
    (fp_line (start 1 -0.96) (end -1.685 -0.96) (layer F.SilkS) (width 0.12))
    (fp_line (start 1 0.6) (end 1 -0.6) (layer F.Fab) (width 0.1))
    (fp_line (start -1 0.6) (end 1 0.6) (layer F.Fab) (width 0.1))
    (fp_line (start -1 -0.3) (end -1 0.6) (layer F.Fab) (width 0.1))
    (fp_line (start -0.7 -0.6) (end -1 -0.3) (layer F.Fab) (width 0.1))
    (fp_line (start 1 -0.6) (end -0.7 -0.6) (layer F.Fab) (width 0.1))
    (pad 2 smd custom (at 1.3 0) (size 0.2 0.2) (layers F.Cu F.Paste F.Mask)
      (net 10 "Net-(D3-Pad2)") (zone_connect 0)
      (options (clearance outline) (anchor circle))
      (primitives
        (gr_line (start 0.300001 -0.699999) (end -0.1 -0.7) (width 0.12))
        (gr_line (start -0.1 0.7) (end -0.1 -0.7) (width 0.12))
        (gr_poly (pts
           (xy 0 0) (xy 0.15 0.65) (xy -0.05 0.65) (xy -0.05 -0.65) (xy 0.2 -0.65)
) (width 0.1))
        (gr_arc (start 1.3 0) (end 0.300001 -0.699999) (angle -69.3) (width 0.12))
        (gr_line (start -0.1 0.7) (end 0.3 0.7) (width 0.12))
      ))
    (pad 1 smd custom (at -1.3 0 180) (size 0.2 0.2) (layers F.Cu F.Paste F.Mask)
      (net 4 GND) (zone_connect 0)
      (options (clearance outline) (anchor circle))
      (primitives
        (gr_line (start 0.300001 -0.699999) (end -0.1 -0.7) (width 0.12))
        (gr_line (start -0.1 0.7) (end -0.1 -0.7) (width 0.12))
        (gr_poly (pts
           (xy 0 0) (xy 0.15 0.65) (xy -0.05 0.65) (xy -0.05 -0.65) (xy 0.2 -0.65)
) (width 0.1))
        (gr_arc (start 1.3 0) (end 0.300001 -0.699999) (angle -69.3) (width 0.12))
        (gr_line (start -0.1 0.7) (end 0.3 0.7) (width 0.12))
      ))
    (pad "" np_thru_hole circle (at 0 0 180) (size 1.9 1.9) (drill 1.9) (layers *.Cu *.Mask))
    (model ${KISYS3DMOD}/LED_SMD.3dshapes/LED_0805_2012Metric.wrl
      (offset (xyz 0 0 0.5))
      (scale (xyz 1 1 1))
      (rotate (xyz -180 0 0))
    )
  )

  (module 18650_holder:18650_holder (layer B.Cu) (tedit 612CA26A) (tstamp 61288572)
    (at 124.1 35.25)
    (path /6145FD63)
    (fp_text reference BT1 (at 0 -2.5) (layer B.SilkS)
      (effects (font (size 1 1) (thickness 0.15)) (justify mirror))
    )
    (fp_text value 18650 (at 0 2.5) (layer B.Fab) hide
      (effects (font (size 1 1) (thickness 0.15)) (justify mirror))
    )
    (fp_line (start 41 -10.5) (end 38.25 -10.5) (layer B.SilkS) (width 0.12))
    (fp_line (start 41 10.5) (end 41 -10.5) (layer B.SilkS) (width 0.12))
    (fp_line (start 38.25 10.5) (end 41 10.5) (layer B.SilkS) (width 0.12))
    (fp_line (start -41 -10.5) (end -38.25 -10.5) (layer B.SilkS) (width 0.12))
    (fp_line (start -41 10.5) (end -41 -10.5) (layer B.SilkS) (width 0.12))
    (fp_line (start -38.25 10.5) (end -41 10.5) (layer B.SilkS) (width 0.12))
    (fp_line (start -38.25 -10.5) (end -38.25 10.5) (layer B.SilkS) (width 0.12))
    (fp_line (start 38.25 -10.5) (end -38.25 -10.5) (layer B.SilkS) (width 0.12))
    (fp_line (start 38.25 10.5) (end 38.25 -10.5) (layer B.SilkS) (width 0.12))
    (fp_line (start -38.25 10.5) (end 38.25 10.5) (layer B.SilkS) (width 0.12))
    (pad "" np_thru_hole circle (at 0 0) (size 3.2 3.2) (drill 3.2) (layers *.Cu *.Mask))
    (pad 2 thru_hole circle (at 40 0) (size 1.524 1.524) (drill 0.762) (layers *.Cu *.Mask)
      (net 2 "Net-(BT1-Pad2)"))
    (pad 1 thru_hole circle (at -40 0) (size 1.524 1.524) (drill 0.762) (layers *.Cu *.Mask)
      (net 1 "Net-(BT1-Pad1)"))
    (model ${KIPRJMOD}/18650_holder.pretty/18650-holder.wrl
      (offset (xyz -38 -10.5 0))
      (scale (xyz 0.395 0.395 0.395))
      (rotate (xyz 0 0 0))
    )
  )

  (module Package_QFP:TQFP-44_10x10mm_P0.8mm (layer F.Cu) (tedit 5A02F146) (tstamp 6127FFDF)
    (at 179.8 59.1 180)
    (descr "44-Lead Plastic Thin Quad Flatpack (PT) - 10x10x1.0 mm Body [TQFP] (see Microchip Packaging Specification 00000049BS.pdf)")
    (tags "QFP 0.8")
    (path /61210175)
    (attr smd)
    (fp_text reference U1 (at 0 -7.45) (layer F.SilkS)
      (effects (font (size 1 1) (thickness 0.15)))
    )
    (fp_text value ATmega32A-AU (at 0 7.45) (layer F.Fab) hide
      (effects (font (size 1 1) (thickness 0.15)))
    )
    (fp_text user %R (at 0 0) (layer F.Fab)
      (effects (font (size 1 1) (thickness 0.15)))
    )
    (fp_line (start -4 -5) (end 5 -5) (layer F.Fab) (width 0.15))
    (fp_line (start 5 -5) (end 5 5) (layer F.Fab) (width 0.15))
    (fp_line (start 5 5) (end -5 5) (layer F.Fab) (width 0.15))
    (fp_line (start -5 5) (end -5 -4) (layer F.Fab) (width 0.15))
    (fp_line (start -5 -4) (end -4 -5) (layer F.Fab) (width 0.15))
    (fp_line (start -6.7 -6.7) (end -6.7 6.7) (layer F.CrtYd) (width 0.05))
    (fp_line (start 6.7 -6.7) (end 6.7 6.7) (layer F.CrtYd) (width 0.05))
    (fp_line (start -6.7 -6.7) (end 6.7 -6.7) (layer F.CrtYd) (width 0.05))
    (fp_line (start -6.7 6.7) (end 6.7 6.7) (layer F.CrtYd) (width 0.05))
    (fp_line (start -5.175 -5.175) (end -5.175 -4.6) (layer F.SilkS) (width 0.15))
    (fp_line (start 5.175 -5.175) (end 5.175 -4.5) (layer F.SilkS) (width 0.15))
    (fp_line (start 5.175 5.175) (end 5.175 4.5) (layer F.SilkS) (width 0.15))
    (fp_line (start -5.175 5.175) (end -5.175 4.5) (layer F.SilkS) (width 0.15))
    (fp_line (start -5.175 -5.175) (end -4.5 -5.175) (layer F.SilkS) (width 0.15))
    (fp_line (start -5.175 5.175) (end -4.5 5.175) (layer F.SilkS) (width 0.15))
    (fp_line (start 5.175 5.175) (end 4.5 5.175) (layer F.SilkS) (width 0.15))
    (fp_line (start 5.175 -5.175) (end 4.5 -5.175) (layer F.SilkS) (width 0.15))
    (fp_line (start -5.175 -4.6) (end -6.45 -4.6) (layer F.SilkS) (width 0.15))
    (pad 1 smd rect (at -5.7 -4 180) (size 1.5 0.55) (layers F.Cu F.Paste F.Mask)
      (net 16 MOSI))
    (pad 2 smd rect (at -5.7 -3.2 180) (size 1.5 0.55) (layers F.Cu F.Paste F.Mask)
      (net 14 MISO))
    (pad 3 smd rect (at -5.7 -2.4 180) (size 1.5 0.55) (layers F.Cu F.Paste F.Mask)
      (net 15 SCK))
    (pad 4 smd rect (at -5.7 -1.6 180) (size 1.5 0.55) (layers F.Cu F.Paste F.Mask)
      (net 17 RST))
    (pad 5 smd rect (at -5.7 -0.8 180) (size 1.5 0.55) (layers F.Cu F.Paste F.Mask)
      (net 7 VCC))
    (pad 6 smd rect (at -5.7 0 180) (size 1.5 0.55) (layers F.Cu F.Paste F.Mask)
      (net 4 GND))
    (pad 7 smd rect (at -5.7 0.8 180) (size 1.5 0.55) (layers F.Cu F.Paste F.Mask)
      (net 5 "Net-(C2-Pad1)"))
    (pad 8 smd rect (at -5.7 1.6 180) (size 1.5 0.55) (layers F.Cu F.Paste F.Mask)
      (net 3 "Net-(C1-Pad1)"))
    (pad 9 smd rect (at -5.7 2.4 180) (size 1.5 0.55) (layers F.Cu F.Paste F.Mask)
      (net 34 DISPLAY_E))
    (pad 10 smd rect (at -5.7 3.2 180) (size 1.5 0.55) (layers F.Cu F.Paste F.Mask)
      (net 31 DISPLAY_D))
    (pad 11 smd rect (at -5.7 4 180) (size 1.5 0.55) (layers F.Cu F.Paste F.Mask)
      (net 39 DISPLAY_DOT))
    (pad 12 smd rect (at -4 5.7 270) (size 1.5 0.55) (layers F.Cu F.Paste F.Mask)
      (net 29 DISPLAY_C))
    (pad 13 smd rect (at -3.2 5.7 270) (size 1.5 0.55) (layers F.Cu F.Paste F.Mask)
      (net 37 DISPLAY_G))
    (pad 14 smd rect (at -2.4 5.7 270) (size 1.5 0.55) (layers F.Cu F.Paste F.Mask)
      (net 25 DISPLAY_A))
    (pad 15 smd rect (at -1.6 5.7 270) (size 1.5 0.55) (layers F.Cu F.Paste F.Mask)
      (net 36 DISPLAY_F))
    (pad 16 smd rect (at -0.8 5.7 270) (size 1.5 0.55) (layers F.Cu F.Paste F.Mask)
      (net 28 DISPLAY_B))
    (pad 17 smd rect (at 0 5.7 270) (size 1.5 0.55) (layers F.Cu F.Paste F.Mask)
      (net 7 VCC))
    (pad 18 smd rect (at 0.8 5.7 270) (size 1.5 0.55) (layers F.Cu F.Paste F.Mask)
      (net 4 GND))
    (pad 19 smd rect (at 1.6 5.7 270) (size 1.5 0.55) (layers F.Cu F.Paste F.Mask)
      (net 52 DISPLAY_DIG4))
    (pad 20 smd rect (at 2.4 5.7 270) (size 1.5 0.55) (layers F.Cu F.Paste F.Mask)
      (net 51 DISPLAY_DIG3))
    (pad 21 smd rect (at 3.2 5.7 270) (size 1.5 0.55) (layers F.Cu F.Paste F.Mask)
      (net 50 DISPLAY_DIG2))
    (pad 22 smd rect (at 4 5.7 270) (size 1.5 0.55) (layers F.Cu F.Paste F.Mask)
      (net 49 DISPLAY_DIG1))
    (pad 23 smd rect (at 5.7 4 180) (size 1.5 0.55) (layers F.Cu F.Paste F.Mask)
      (net 23 LED_2))
    (pad 24 smd rect (at 5.7 3.2 180) (size 1.5 0.55) (layers F.Cu F.Paste F.Mask)
      (net 24 LED_1))
    (pad 25 smd rect (at 5.7 2.4 180) (size 1.5 0.55) (layers F.Cu F.Paste F.Mask)
      (net 41 LED_0))
    (pad 26 smd rect (at 5.7 1.6 180) (size 1.5 0.55) (layers F.Cu F.Paste F.Mask)
      (net 53 "Net-(U1-Pad26)"))
    (pad 27 smd rect (at 5.7 0.8 180) (size 1.5 0.55) (layers F.Cu F.Paste F.Mask)
      (net 7 VCC))
    (pad 28 smd rect (at 5.7 0 180) (size 1.5 0.55) (layers F.Cu F.Paste F.Mask)
      (net 4 GND))
    (pad 29 smd rect (at 5.7 -0.8 180) (size 1.5 0.55) (layers F.Cu F.Paste F.Mask)
      (net 6 "Net-(C3-Pad2)"))
    (pad 30 smd rect (at 5.7 -1.6 180) (size 1.5 0.55) (layers F.Cu F.Paste F.Mask)
      (net 57 "Net-(U1-Pad30)"))
    (pad 31 smd rect (at 5.7 -2.4 180) (size 1.5 0.55) (layers F.Cu F.Paste F.Mask)
      (net 58 "Net-(U1-Pad31)"))
    (pad 32 smd rect (at 5.7 -3.2 180) (size 1.5 0.55) (layers F.Cu F.Paste F.Mask)
      (net 59 "Net-(U1-Pad32)"))
    (pad 33 smd rect (at 5.7 -4 180) (size 1.5 0.55) (layers F.Cu F.Paste F.Mask)
      (net 46 SWITCH_MENU))
    (pad 34 smd rect (at 4 -5.7 270) (size 1.5 0.55) (layers F.Cu F.Paste F.Mask)
      (net 48 SWITCH_M-))
    (pad 35 smd rect (at 3.2 -5.7 270) (size 1.5 0.55) (layers F.Cu F.Paste F.Mask)
      (net 47 SWITCH_M+))
    (pad 36 smd rect (at 2.4 -5.7 270) (size 1.5 0.55) (layers F.Cu F.Paste F.Mask)
      (net 45 SWITCH_H-))
    (pad 37 smd rect (at 1.6 -5.7 270) (size 1.5 0.55) (layers F.Cu F.Paste F.Mask)
      (net 44 SWITCH_H+))
    (pad 38 smd rect (at 0.8 -5.7 270) (size 1.5 0.55) (layers F.Cu F.Paste F.Mask)
      (net 7 VCC))
    (pad 39 smd rect (at 0 -5.7 270) (size 1.5 0.55) (layers F.Cu F.Paste F.Mask)
      (net 4 GND))
    (pad 40 smd rect (at -0.8 -5.7 270) (size 1.5 0.55) (layers F.Cu F.Paste F.Mask)
      (net 42 LIGHT_DRIVER))
    (pad 41 smd rect (at -1.6 -5.7 270) (size 1.5 0.55) (layers F.Cu F.Paste F.Mask)
      (net 43 PUMP_DRIVER))
    (pad 42 smd rect (at -2.4 -5.7 270) (size 1.5 0.55) (layers F.Cu F.Paste F.Mask)
      (net 54 "Net-(U1-Pad42)"))
    (pad 43 smd rect (at -3.2 -5.7 270) (size 1.5 0.55) (layers F.Cu F.Paste F.Mask)
      (net 55 "Net-(U1-Pad43)"))
    (pad 44 smd rect (at -4 -5.7 270) (size 1.5 0.55) (layers F.Cu F.Paste F.Mask)
      (net 56 "Net-(U1-Pad44)"))
    (model ${KISYS3DMOD}/Package_QFP.3dshapes/TQFP-44_10x10mm_P0.8mm.wrl
      (at (xyz 0 0 0))
      (scale (xyz 1 1 1))
      (rotate (xyz 0 0 0))
    )
  )

  (module Resistor_SMD:R_0805_2012Metric (layer F.Cu) (tedit 5B36C52B) (tstamp 6127B40E)
    (at 171.8625 25.6 180)
    (descr "Resistor SMD 0805 (2012 Metric), square (rectangular) end terminal, IPC_7351 nominal, (Body size source: https://docs.google.com/spreadsheets/d/1BsfQQcO9C6DZCsRaXUlFlo91Tg2WpOkGARC1WS5S8t0/edit?usp=sharing), generated with kicad-footprint-generator")
    (tags resistor)
    (path /61A98C0F)
    (attr smd)
    (fp_text reference R12 (at 3.5625 0) (layer F.SilkS)
      (effects (font (size 1 1) (thickness 0.15)))
    )
    (fp_text value 10k (at 0 1.65) (layer F.Fab) hide
      (effects (font (size 1 1) (thickness 0.15)))
    )
    (fp_line (start -1 0.6) (end -1 -0.6) (layer F.Fab) (width 0.1))
    (fp_line (start -1 -0.6) (end 1 -0.6) (layer F.Fab) (width 0.1))
    (fp_line (start 1 -0.6) (end 1 0.6) (layer F.Fab) (width 0.1))
    (fp_line (start 1 0.6) (end -1 0.6) (layer F.Fab) (width 0.1))
    (fp_line (start -0.258578 -0.71) (end 0.258578 -0.71) (layer F.SilkS) (width 0.12))
    (fp_line (start -0.258578 0.71) (end 0.258578 0.71) (layer F.SilkS) (width 0.12))
    (fp_line (start -1.68 0.95) (end -1.68 -0.95) (layer F.CrtYd) (width 0.05))
    (fp_line (start -1.68 -0.95) (end 1.68 -0.95) (layer F.CrtYd) (width 0.05))
    (fp_line (start 1.68 -0.95) (end 1.68 0.95) (layer F.CrtYd) (width 0.05))
    (fp_line (start 1.68 0.95) (end -1.68 0.95) (layer F.CrtYd) (width 0.05))
    (fp_text user %R (at 0 0) (layer F.Fab)
      (effects (font (size 0.5 0.5) (thickness 0.08)))
    )
    (pad 1 smd roundrect (at -0.9375 0 180) (size 0.975 1.4) (layers F.Cu F.Paste F.Mask) (roundrect_rratio 0.25)
      (net 10 "Net-(D3-Pad2)"))
    (pad 2 smd roundrect (at 0.9375 0 180) (size 0.975 1.4) (layers F.Cu F.Paste F.Mask) (roundrect_rratio 0.25)
      (net 41 LED_0))
    (model ${KISYS3DMOD}/Resistor_SMD.3dshapes/R_0805_2012Metric.wrl
      (at (xyz 0 0 0))
      (scale (xyz 1 1 1))
      (rotate (xyz 0 0 0))
    )
  )

  (module Resistor_SMD:R_0805_2012Metric (layer F.Cu) (tedit 5B36C52B) (tstamp 61283D7C)
    (at 171.8625 27.6 180)
    (descr "Resistor SMD 0805 (2012 Metric), square (rectangular) end terminal, IPC_7351 nominal, (Body size source: https://docs.google.com/spreadsheets/d/1BsfQQcO9C6DZCsRaXUlFlo91Tg2WpOkGARC1WS5S8t0/edit?usp=sharing), generated with kicad-footprint-generator")
    (tags resistor)
    (path /61AE67A1)
    (attr smd)
    (fp_text reference R3 (at 4.0625 0) (layer F.SilkS)
      (effects (font (size 1 1) (thickness 0.15)))
    )
    (fp_text value 10k (at 0 1.65) (layer F.Fab) hide
      (effects (font (size 1 1) (thickness 0.15)))
    )
    (fp_text user %R (at 0 0) (layer F.Fab)
      (effects (font (size 0.5 0.5) (thickness 0.08)))
    )
    (fp_line (start 1.68 0.95) (end -1.68 0.95) (layer F.CrtYd) (width 0.05))
    (fp_line (start 1.68 -0.95) (end 1.68 0.95) (layer F.CrtYd) (width 0.05))
    (fp_line (start -1.68 -0.95) (end 1.68 -0.95) (layer F.CrtYd) (width 0.05))
    (fp_line (start -1.68 0.95) (end -1.68 -0.95) (layer F.CrtYd) (width 0.05))
    (fp_line (start -0.258578 0.71) (end 0.258578 0.71) (layer F.SilkS) (width 0.12))
    (fp_line (start -0.258578 -0.71) (end 0.258578 -0.71) (layer F.SilkS) (width 0.12))
    (fp_line (start 1 0.6) (end -1 0.6) (layer F.Fab) (width 0.1))
    (fp_line (start 1 -0.6) (end 1 0.6) (layer F.Fab) (width 0.1))
    (fp_line (start -1 -0.6) (end 1 -0.6) (layer F.Fab) (width 0.1))
    (fp_line (start -1 0.6) (end -1 -0.6) (layer F.Fab) (width 0.1))
    (pad 2 smd roundrect (at 0.9375 0 180) (size 0.975 1.4) (layers F.Cu F.Paste F.Mask) (roundrect_rratio 0.25)
      (net 24 LED_1))
    (pad 1 smd roundrect (at -0.9375 0 180) (size 0.975 1.4) (layers F.Cu F.Paste F.Mask) (roundrect_rratio 0.25)
      (net 9 "Net-(D2-Pad2)"))
    (model ${KISYS3DMOD}/Resistor_SMD.3dshapes/R_0805_2012Metric.wrl
      (at (xyz 0 0 0))
      (scale (xyz 1 1 1))
      (rotate (xyz 0 0 0))
    )
  )

  (module Resistor_SMD:R_0805_2012Metric (layer F.Cu) (tedit 5B36C52B) (tstamp 6127B364)
    (at 171.8625 29.6 180)
    (descr "Resistor SMD 0805 (2012 Metric), square (rectangular) end terminal, IPC_7351 nominal, (Body size source: https://docs.google.com/spreadsheets/d/1BsfQQcO9C6DZCsRaXUlFlo91Tg2WpOkGARC1WS5S8t0/edit?usp=sharing), generated with kicad-footprint-generator")
    (tags resistor)
    (path /61AD612A)
    (attr smd)
    (fp_text reference R2 (at 4.0625 0) (layer F.SilkS)
      (effects (font (size 1 1) (thickness 0.15)))
    )
    (fp_text value 10k (at 0 1.65) (layer F.Fab) hide
      (effects (font (size 1 1) (thickness 0.15)))
    )
    (fp_line (start -1 0.6) (end -1 -0.6) (layer F.Fab) (width 0.1))
    (fp_line (start -1 -0.6) (end 1 -0.6) (layer F.Fab) (width 0.1))
    (fp_line (start 1 -0.6) (end 1 0.6) (layer F.Fab) (width 0.1))
    (fp_line (start 1 0.6) (end -1 0.6) (layer F.Fab) (width 0.1))
    (fp_line (start -0.258578 -0.71) (end 0.258578 -0.71) (layer F.SilkS) (width 0.12))
    (fp_line (start -0.258578 0.71) (end 0.258578 0.71) (layer F.SilkS) (width 0.12))
    (fp_line (start -1.68 0.95) (end -1.68 -0.95) (layer F.CrtYd) (width 0.05))
    (fp_line (start -1.68 -0.95) (end 1.68 -0.95) (layer F.CrtYd) (width 0.05))
    (fp_line (start 1.68 -0.95) (end 1.68 0.95) (layer F.CrtYd) (width 0.05))
    (fp_line (start 1.68 0.95) (end -1.68 0.95) (layer F.CrtYd) (width 0.05))
    (fp_text user %R (at 0 0) (layer F.Fab)
      (effects (font (size 0.5 0.5) (thickness 0.08)))
    )
    (pad 1 smd roundrect (at -0.9375 0 180) (size 0.975 1.4) (layers F.Cu F.Paste F.Mask) (roundrect_rratio 0.25)
      (net 8 "Net-(D1-Pad2)"))
    (pad 2 smd roundrect (at 0.9375 0 180) (size 0.975 1.4) (layers F.Cu F.Paste F.Mask) (roundrect_rratio 0.25)
      (net 23 LED_2))
    (model ${KISYS3DMOD}/Resistor_SMD.3dshapes/R_0805_2012Metric.wrl
      (at (xyz 0 0 0))
      (scale (xyz 1 1 1))
      (rotate (xyz 0 0 0))
    )
  )

  (module AF-02841BMR-B:AF-02841BMR-B (layer B.Cu) (tedit 612223F1) (tstamp 61283C35)
    (at 186.7 36.2 180)
    (path /61287FA7)
    (fp_text reference U2 (at -8.45 0 270) (layer B.SilkS)
      (effects (font (size 1 1) (thickness 0.15)) (justify mirror))
    )
    (fp_text value AF-02841BMR-B (at 0 0) (layer B.Fab) hide
      (effects (font (size 1 1) (thickness 0.15)) (justify mirror))
    )
    (fp_line (start -16.1 5) (end 16.1 5) (layer B.CrtYd) (width 0.12))
    (fp_line (start 16.1 5) (end 16.1 -5) (layer B.CrtYd) (width 0.12))
    (fp_line (start 16.1 -5) (end -16.1 -5) (layer B.CrtYd) (width 0.12))
    (fp_line (start -16.1 -5) (end -16.1 5) (layer B.CrtYd) (width 0.12))
    (fp_line (start -16.6 5.5) (end 16.6 5.5) (layer B.SilkS) (width 0.12))
    (fp_line (start 16.6 5.5) (end 16.6 -5.5) (layer B.SilkS) (width 0.12))
    (fp_line (start 16.6 -5.5) (end -16.6 -5.5) (layer B.SilkS) (width 0.12))
    (fp_line (start -16.6 -5.5) (end -16.6 5.5) (layer B.SilkS) (width 0.12))
    (pad 12 thru_hole oval (at -6.35 3.76 180) (size 1.2 2) (drill 0.8) (layers *.Cu *.Mask)
      (net 49 DISPLAY_DIG1))
    (pad 1 thru_hole oval (at -6.35 -3.76 180) (size 1.2 2) (drill 0.8) (layers *.Cu *.Mask)
      (net 33 "Net-(R8-Pad1)"))
    (pad 11 thru_hole oval (at -3.81 3.76 180) (size 1.2 2) (drill 0.8) (layers *.Cu *.Mask)
      (net 26 "Net-(R4-Pad1)"))
    (pad 2 thru_hole oval (at -3.81 -3.76 180) (size 1.2 2) (drill 0.8) (layers *.Cu *.Mask)
      (net 32 "Net-(R7-Pad1)"))
    (pad 10 thru_hole oval (at -1.27 3.76 180) (size 1.2 2) (drill 0.8) (layers *.Cu *.Mask)
      (net 35 "Net-(R9-Pad1)"))
    (pad 3 thru_hole oval (at -1.27 -3.76 180) (size 1.2 2) (drill 0.8) (layers *.Cu *.Mask)
      (net 40 "Net-(R11-Pad1)"))
    (pad 9 thru_hole oval (at 1.27 3.76 180) (size 1.2 2) (drill 0.8) (layers *.Cu *.Mask)
      (net 50 DISPLAY_DIG2))
    (pad 4 thru_hole oval (at 1.27 -3.76 180) (size 1.2 2) (drill 0.8) (layers *.Cu *.Mask)
      (net 30 "Net-(R6-Pad1)"))
    (pad 8 thru_hole oval (at 3.81 3.76 180) (size 1.2 2) (drill 0.8) (layers *.Cu *.Mask)
      (net 51 DISPLAY_DIG3))
    (pad 5 thru_hole oval (at 3.81 -3.76 180) (size 1.2 2) (drill 0.8) (layers *.Cu *.Mask)
      (net 38 "Net-(R10-Pad1)"))
    (pad 7 thru_hole oval (at 6.35 3.76 180) (size 1.2 2) (drill 0.8) (layers *.Cu *.Mask)
      (net 27 "Net-(R5-Pad1)"))
    (pad 6 thru_hole oval (at 6.35 -3.76 180) (size 1.2 2) (drill 0.8) (layers *.Cu *.Mask)
      (net 52 DISPLAY_DIG4))
    (model ${KIPRJMOD}/AF-02841BMR-B.pretty/CA56-12EWA_modified.wrl
      (offset (xyz -4.15 -4.3 0))
      (scale (xyz 0.57 0.655 0.6))
      (rotate (xyz 0 0 -90))
    )
  )

  (module Capacitor_SMD:C_0805_2012Metric (layer F.Cu) (tedit 5B36C52B) (tstamp 6127B18A)
    (at 193.2625 53)
    (descr "Capacitor SMD 0805 (2012 Metric), square (rectangular) end terminal, IPC_7351 nominal, (Body size source: https://docs.google.com/spreadsheets/d/1BsfQQcO9C6DZCsRaXUlFlo91Tg2WpOkGARC1WS5S8t0/edit?usp=sharing), generated with kicad-footprint-generator")
    (tags capacitor)
    (path /612239C0)
    (attr smd)
    (fp_text reference C1 (at 2.7375 0) (layer F.SilkS)
      (effects (font (size 1 1) (thickness 0.15)))
    )
    (fp_text value 22p (at 5.2375 0) (layer F.Fab) hide
      (effects (font (size 1 1) (thickness 0.15)))
    )
    (fp_line (start -1 0.6) (end -1 -0.6) (layer F.Fab) (width 0.1))
    (fp_line (start -1 -0.6) (end 1 -0.6) (layer F.Fab) (width 0.1))
    (fp_line (start 1 -0.6) (end 1 0.6) (layer F.Fab) (width 0.1))
    (fp_line (start 1 0.6) (end -1 0.6) (layer F.Fab) (width 0.1))
    (fp_line (start -0.258578 -0.71) (end 0.258578 -0.71) (layer F.SilkS) (width 0.12))
    (fp_line (start -0.258578 0.71) (end 0.258578 0.71) (layer F.SilkS) (width 0.12))
    (fp_line (start -1.68 0.95) (end -1.68 -0.95) (layer F.CrtYd) (width 0.05))
    (fp_line (start -1.68 -0.95) (end 1.68 -0.95) (layer F.CrtYd) (width 0.05))
    (fp_line (start 1.68 -0.95) (end 1.68 0.95) (layer F.CrtYd) (width 0.05))
    (fp_line (start 1.68 0.95) (end -1.68 0.95) (layer F.CrtYd) (width 0.05))
    (fp_text user %R (at 0 0) (layer F.Fab)
      (effects (font (size 0.5 0.5) (thickness 0.08)))
    )
    (pad 1 smd roundrect (at -0.9375 0) (size 0.975 1.4) (layers F.Cu F.Paste F.Mask) (roundrect_rratio 0.25)
      (net 3 "Net-(C1-Pad1)"))
    (pad 2 smd roundrect (at 0.9375 0) (size 0.975 1.4) (layers F.Cu F.Paste F.Mask) (roundrect_rratio 0.25)
      (net 4 GND))
    (model ${KISYS3DMOD}/Capacitor_SMD.3dshapes/C_0805_2012Metric.wrl
      (at (xyz 0 0 0))
      (scale (xyz 1 1 1))
      (rotate (xyz 0 0 0))
    )
  )

  (module Capacitor_SMD:C_0805_2012Metric (layer F.Cu) (tedit 5B36C52B) (tstamp 6127B19B)
    (at 193.2625 57.9)
    (descr "Capacitor SMD 0805 (2012 Metric), square (rectangular) end terminal, IPC_7351 nominal, (Body size source: https://docs.google.com/spreadsheets/d/1BsfQQcO9C6DZCsRaXUlFlo91Tg2WpOkGARC1WS5S8t0/edit?usp=sharing), generated with kicad-footprint-generator")
    (tags capacitor)
    (path /61223E7B)
    (attr smd)
    (fp_text reference C2 (at 2.8375 0) (layer F.SilkS)
      (effects (font (size 1 1) (thickness 0.15)))
    )
    (fp_text value 22p (at 5.2375 0) (layer F.Fab) hide
      (effects (font (size 1 1) (thickness 0.15)))
    )
    (fp_text user %R (at 0 0) (layer F.Fab)
      (effects (font (size 0.5 0.5) (thickness 0.08)))
    )
    (fp_line (start 1.68 0.95) (end -1.68 0.95) (layer F.CrtYd) (width 0.05))
    (fp_line (start 1.68 -0.95) (end 1.68 0.95) (layer F.CrtYd) (width 0.05))
    (fp_line (start -1.68 -0.95) (end 1.68 -0.95) (layer F.CrtYd) (width 0.05))
    (fp_line (start -1.68 0.95) (end -1.68 -0.95) (layer F.CrtYd) (width 0.05))
    (fp_line (start -0.258578 0.71) (end 0.258578 0.71) (layer F.SilkS) (width 0.12))
    (fp_line (start -0.258578 -0.71) (end 0.258578 -0.71) (layer F.SilkS) (width 0.12))
    (fp_line (start 1 0.6) (end -1 0.6) (layer F.Fab) (width 0.1))
    (fp_line (start 1 -0.6) (end 1 0.6) (layer F.Fab) (width 0.1))
    (fp_line (start -1 -0.6) (end 1 -0.6) (layer F.Fab) (width 0.1))
    (fp_line (start -1 0.6) (end -1 -0.6) (layer F.Fab) (width 0.1))
    (pad 2 smd roundrect (at 0.9375 0) (size 0.975 1.4) (layers F.Cu F.Paste F.Mask) (roundrect_rratio 0.25)
      (net 4 GND))
    (pad 1 smd roundrect (at -0.9375 0) (size 0.975 1.4) (layers F.Cu F.Paste F.Mask) (roundrect_rratio 0.25)
      (net 5 "Net-(C2-Pad1)"))
    (model ${KISYS3DMOD}/Capacitor_SMD.3dshapes/C_0805_2012Metric.wrl
      (at (xyz 0 0 0))
      (scale (xyz 1 1 1))
      (rotate (xyz 0 0 0))
    )
  )

  (module Capacitor_SMD:C_0805_2012Metric (layer F.Cu) (tedit 5B36C52B) (tstamp 61280A24)
    (at 168.6375 60.5)
    (descr "Capacitor SMD 0805 (2012 Metric), square (rectangular) end terminal, IPC_7351 nominal, (Body size source: https://docs.google.com/spreadsheets/d/1BsfQQcO9C6DZCsRaXUlFlo91Tg2WpOkGARC1WS5S8t0/edit?usp=sharing), generated with kicad-footprint-generator")
    (tags capacitor)
    (path /6168EE54)
    (attr smd)
    (fp_text reference C3 (at -2.9375 0) (layer F.SilkS)
      (effects (font (size 1 1) (thickness 0.15)))
    )
    (fp_text value 100n (at -6.1875 0) (layer F.Fab) hide
      (effects (font (size 1 1) (thickness 0.15)))
    )
    (fp_line (start -1 0.6) (end -1 -0.6) (layer F.Fab) (width 0.1))
    (fp_line (start -1 -0.6) (end 1 -0.6) (layer F.Fab) (width 0.1))
    (fp_line (start 1 -0.6) (end 1 0.6) (layer F.Fab) (width 0.1))
    (fp_line (start 1 0.6) (end -1 0.6) (layer F.Fab) (width 0.1))
    (fp_line (start -0.258578 -0.71) (end 0.258578 -0.71) (layer F.SilkS) (width 0.12))
    (fp_line (start -0.258578 0.71) (end 0.258578 0.71) (layer F.SilkS) (width 0.12))
    (fp_line (start -1.68 0.95) (end -1.68 -0.95) (layer F.CrtYd) (width 0.05))
    (fp_line (start -1.68 -0.95) (end 1.68 -0.95) (layer F.CrtYd) (width 0.05))
    (fp_line (start 1.68 -0.95) (end 1.68 0.95) (layer F.CrtYd) (width 0.05))
    (fp_line (start 1.68 0.95) (end -1.68 0.95) (layer F.CrtYd) (width 0.05))
    (fp_text user %R (at 0 0) (layer F.Fab)
      (effects (font (size 0.5 0.5) (thickness 0.08)))
    )
    (pad 1 smd roundrect (at -0.9375 0) (size 0.975 1.4) (layers F.Cu F.Paste F.Mask) (roundrect_rratio 0.25)
      (net 4 GND))
    (pad 2 smd roundrect (at 0.9375 0) (size 0.975 1.4) (layers F.Cu F.Paste F.Mask) (roundrect_rratio 0.25)
      (net 6 "Net-(C3-Pad2)"))
    (model ${KISYS3DMOD}/Capacitor_SMD.3dshapes/C_0805_2012Metric.wrl
      (at (xyz 0 0 0))
      (scale (xyz 1 1 1))
      (rotate (xyz 0 0 0))
    )
  )

  (module Capacitor_SMD:C_0805_2012Metric (layer F.Cu) (tedit 5B36C52B) (tstamp 6127B1BD)
    (at 179.9 47.9375 270)
    (descr "Capacitor SMD 0805 (2012 Metric), square (rectangular) end terminal, IPC_7351 nominal, (Body size source: https://docs.google.com/spreadsheets/d/1BsfQQcO9C6DZCsRaXUlFlo91Tg2WpOkGARC1WS5S8t0/edit?usp=sharing), generated with kicad-footprint-generator")
    (tags capacitor)
    (path /61214639)
    (attr smd)
    (fp_text reference C4 (at -2.9375 0 90) (layer F.SilkS)
      (effects (font (size 1 1) (thickness 0.15)))
    )
    (fp_text value 100n (at -5.9375 0 90) (layer F.Fab) hide
      (effects (font (size 1 1) (thickness 0.15)))
    )
    (fp_line (start -1 0.6) (end -1 -0.6) (layer F.Fab) (width 0.1))
    (fp_line (start -1 -0.6) (end 1 -0.6) (layer F.Fab) (width 0.1))
    (fp_line (start 1 -0.6) (end 1 0.6) (layer F.Fab) (width 0.1))
    (fp_line (start 1 0.6) (end -1 0.6) (layer F.Fab) (width 0.1))
    (fp_line (start -0.258578 -0.71) (end 0.258578 -0.71) (layer F.SilkS) (width 0.12))
    (fp_line (start -0.258578 0.71) (end 0.258578 0.71) (layer F.SilkS) (width 0.12))
    (fp_line (start -1.68 0.95) (end -1.68 -0.95) (layer F.CrtYd) (width 0.05))
    (fp_line (start -1.68 -0.95) (end 1.68 -0.95) (layer F.CrtYd) (width 0.05))
    (fp_line (start 1.68 -0.95) (end 1.68 0.95) (layer F.CrtYd) (width 0.05))
    (fp_line (start 1.68 0.95) (end -1.68 0.95) (layer F.CrtYd) (width 0.05))
    (fp_text user %R (at 0 0 90) (layer F.Fab)
      (effects (font (size 0.5 0.5) (thickness 0.08)))
    )
    (pad 1 smd roundrect (at -0.9375 0 270) (size 0.975 1.4) (layers F.Cu F.Paste F.Mask) (roundrect_rratio 0.25)
      (net 4 GND))
    (pad 2 smd roundrect (at 0.9375 0 270) (size 0.975 1.4) (layers F.Cu F.Paste F.Mask) (roundrect_rratio 0.25)
      (net 7 VCC))
    (model ${KISYS3DMOD}/Capacitor_SMD.3dshapes/C_0805_2012Metric.wrl
